%       "time"           "x"            "y"           "z"      "uindex"    "i"  "j"  "k"          "head"           "temp"           "pres"    "satn"           "epot"             "vx"             "vy"             "vz"          "bhpr"            "kz" 
%
  0.000000000E+00  0.240250E+04   0.142500E+04   0.675000E+03         2    65    30    14  0.22975122E+04   0.58717238E+02   0.15985011E+02   0.00000000E+00   0.00000000E+00  -0.15038683E-09  -0.46637592E-09  -0.11575419E-08   0.15432531E+02   0.48500000E-13
%
  0.250000000E+00  0.240250E+04   0.142500E+04   0.675000E+03         2    65    30    14  0.21714167E+04   0.57721726E+02   0.14550319E+02   0.00000000E+00   0.00000000E+00   0.27740669E-06  -0.12773185E-06   0.24990350E-07   0.13989720E+02   0.48500000E-13
%
  0.500000000E+00  0.240250E+04   0.142500E+04   0.675000E+03         2    65    30    14  0.21693827E+04   0.58071370E+02   0.14528127E+02   0.00000000E+00   0.00000000E+00   0.39876377E-06  -0.16074691E-06   0.25401768E-07   0.13970531E+02   0.48500000E-13
%
  0.750000000E+00  0.240250E+04   0.142500E+04   0.675000E+03         2    65    30    14  0.21691319E+04   0.58270582E+02   0.14524247E+02   0.00000000E+00   0.00000000E+00   0.47994309E-06  -0.18097425E-06   0.25502493E-07   0.13968348E+02   0.48500000E-13
%
  0.100000000E+01  0.240250E+04   0.142500E+04   0.675000E+03         2    65    30    14  0.21691164E+04   0.58408307E+02   0.14523087E+02   0.00000000E+00   0.00000000E+00   0.54190758E-06  -0.19585612E-06   0.25701545E-07   0.13968356E+02   0.48500000E-13
%
  0.125000000E+01  0.240250E+04   0.142500E+04   0.675000E+03         2    65    30    14  0.21691565E+04   0.58513966E+02   0.14522698E+02   0.00000000E+00   0.00000000E+00   0.59196461E-06  -0.20770687E-06   0.26009367E-07   0.13968860E+02   0.48500000E-13
%
  0.150000000E+01  0.240250E+04   0.142500E+04   0.675000E+03         2    65    30    14  0.21692119E+04   0.58600015E+02   0.14522600E+02   0.00000000E+00   0.00000000E+00   0.63393644E-06  -0.21757975E-06   0.26390984E-07   0.13969487E+02   0.48500000E-13
%
  0.175000000E+01  0.240250E+04   0.142500E+04   0.675000E+03         2    65    30    14  0.21692707E+04   0.58672936E+02   0.14522630E+02   0.00000000E+00   0.00000000E+00   0.67010200E-06  -0.22605321E-06   0.26815510E-07   0.13970131E+02   0.48500000E-13
%
  0.200000000E+01  0.240250E+04   0.142500E+04   0.675000E+03         2    65    30    14  0.21693290E+04   0.58736611E+02   0.14522724E+02   0.00000000E+00   0.00000000E+00   0.70191846E-06  -0.23348084E-06   0.27262110E-07   0.13970759E+02   0.48500000E-13
%
  0.225000000E+01  0.240250E+04   0.142500E+04   0.675000E+03         2    65    30    14  0.21693854E+04   0.58793429E+02   0.14522849E+02   0.00000000E+00   0.00000000E+00   0.73036384E-06  -0.24009467E-06   0.27717831E-07   0.13971361E+02   0.48500000E-13
%
  0.250000000E+01  0.240250E+04   0.142500E+04   0.675000E+03         2    65    30    14  0.21694395E+04   0.58844986E+02   0.14522991E+02   0.00000000E+00   0.00000000E+00   0.75612068E-06  -0.24605554E-06   0.28174923E-07   0.13971935E+02   0.48500000E-13
%
  0.275000000E+01  0.240250E+04   0.142500E+04   0.675000E+03         2    65    30    14  0.21694913E+04   0.58892382E+02   0.14523141E+02   0.00000000E+00   0.00000000E+00   0.77968106E-06  -0.25147956E-06   0.28628838E-07   0.13972481E+02   0.48500000E-13
%
  0.300000000E+01  0.240250E+04   0.142500E+04   0.675000E+03         2    65    30    14  0.21695408E+04   0.58936408E+02   0.14523294E+02   0.00000000E+00   0.00000000E+00   0.80140976E-06  -0.25645355E-06   0.29076954E-07   0.13973001E+02   0.48500000E-13
%
  0.325000000E+01  0.240250E+04   0.142500E+04   0.675000E+03         2    65    30    14  0.21695883E+04   0.58977646E+02   0.14523447E+02   0.00000000E+00   0.00000000E+00   0.82158390E-06  -0.26104418E-06   0.29517802E-07   0.13973499E+02   0.48500000E-13
%
  0.350000000E+01  0.240250E+04   0.142500E+04   0.675000E+03         2    65    30    14  0.21696340E+04   0.59016538E+02   0.14523600E+02   0.00000000E+00   0.00000000E+00   0.84041888E-06  -0.26530366E-06   0.29950595E-07   0.13973976E+02   0.48500000E-13
%
  0.375000000E+01  0.240250E+04   0.142500E+04   0.675000E+03         2    65    30    14  0.21696779E+04   0.59053426E+02   0.14523751E+02   0.00000000E+00   0.00000000E+00   0.85808528E-06  -0.26927385E-06   0.30374955E-07   0.13974434E+02   0.48500000E-13
%
  0.400000000E+01  0.240250E+04   0.142500E+04   0.675000E+03         2    65    30    14  0.21697204E+04   0.59088581E+02   0.14523900E+02   0.00000000E+00   0.00000000E+00   0.87472053E-06  -0.27298867E-06   0.30790763E-07   0.13974876E+02   0.48500000E-13
%
  0.425000000E+01  0.240250E+04   0.142500E+04   0.675000E+03         2    65    30    14  0.21697615E+04   0.59122218E+02   0.14524048E+02   0.00000000E+00   0.00000000E+00   0.89043728E-06  -0.27647616E-06   0.31198039E-07   0.13975303E+02   0.48500000E-13
%
  0.450000000E+01  0.240250E+04   0.142500E+04   0.675000E+03         2    65    30    14  0.21698014E+04   0.59154514E+02   0.14524194E+02   0.00000000E+00   0.00000000E+00   0.90532889E-06  -0.27975948E-06   0.31596902E-07   0.13975717E+02   0.48500000E-13
%
  0.475000000E+01  0.240250E+04   0.142500E+04   0.675000E+03         2    65    30    14  0.21698403E+04   0.59185613E+02   0.14524338E+02   0.00000000E+00   0.00000000E+00   0.91947385E-06  -0.28285842E-06   0.31987526E-07   0.13976119E+02   0.48500000E-13
%
  0.500000000E+01  0.240250E+04   0.142500E+04   0.675000E+03         2    65    30    14  0.21698781E+04   0.59215637E+02   0.14524480E+02   0.00000000E+00   0.00000000E+00   0.93293883E-06  -0.28578949E-06   0.32370117E-07   0.13976511E+02   0.48500000E-13
%
  0.525000000E+01  0.240250E+04   0.142500E+04   0.675000E+03         2    65    30    14  0.21699150E+04   0.59244685E+02   0.14524621E+02   0.00000000E+00   0.00000000E+00   0.94578092E-06  -0.28856702E-06   0.32744902E-07   0.13976892E+02   0.48500000E-13
%
  0.550000000E+01  0.240250E+04   0.142500E+04   0.675000E+03         2    65    30    14  0.21699511E+04   0.59272845E+02   0.14524760E+02   0.00000000E+00   0.00000000E+00   0.95804967E-06  -0.29120351E-06   0.33112113E-07   0.13977265E+02   0.48500000E-13
%
  0.575000000E+01  0.240250E+04   0.142500E+04   0.675000E+03         2    65    30    14  0.21699864E+04   0.59300189E+02   0.14524898E+02   0.00000000E+00   0.00000000E+00   0.96978817E-06  -0.29370964E-06   0.33471989E-07   0.13977629E+02   0.48500000E-13
%
  0.600000000E+01  0.240250E+04   0.142500E+04   0.675000E+03         2    65    30    14  0.21700211E+04   0.59326780E+02   0.14525035E+02   0.00000000E+00   0.00000000E+00   0.98103429E-06  -0.29609491E-06   0.33824771E-07   0.13977985E+02   0.48500000E-13
%
  0.625000000E+01  0.240250E+04   0.142500E+04   0.675000E+03         2    65    30    14  0.21700550E+04   0.59352673E+02   0.14525170E+02   0.00000000E+00   0.00000000E+00   0.99182148E-06  -0.29836765E-06   0.34170691E-07   0.13978334E+02   0.48500000E-13
%
  0.650000000E+01  0.240250E+04   0.142500E+04   0.675000E+03         2    65    30    14  0.21700884E+04   0.59377917E+02   0.14525304E+02   0.00000000E+00   0.00000000E+00   0.10021795E-05  -0.30053527E-06   0.34509983E-07   0.13978677E+02   0.48500000E-13
%
  0.675000000E+01  0.240250E+04   0.142500E+04   0.675000E+03         2    65    30    14  0.21701211E+04   0.59402553E+02   0.14525437E+02   0.00000000E+00   0.00000000E+00   0.10121350E-05  -0.30260439E-06   0.34842869E-07   0.13979013E+02   0.48500000E-13
%
  0.700000000E+01  0.240250E+04   0.142500E+04   0.675000E+03         2    65    30    14  0.21701533E+04   0.59426618E+02   0.14525569E+02   0.00000000E+00   0.00000000E+00   0.10217118E-05  -0.30458095E-06   0.35169569E-07   0.13979343E+02   0.48500000E-13
%
  0.725000000E+01  0.240250E+04   0.142500E+04   0.675000E+03         2    65    30    14  0.21701850E+04   0.59450145E+02   0.14525699E+02   0.00000000E+00   0.00000000E+00   0.10309316E-05  -0.30647028E-06   0.35490293E-07   0.13979667E+02   0.48500000E-13
%
  0.750000000E+01  0.240250E+04   0.142500E+04   0.675000E+03         2    65    30    14  0.21702161E+04   0.59473165E+02   0.14525828E+02   0.00000000E+00   0.00000000E+00   0.10398137E-05  -0.30827728E-06   0.35805251E-07   0.13979986E+02   0.48500000E-13
%
  0.775000000E+01  0.240250E+04   0.142500E+04   0.675000E+03         2    65    30    14  0.21702468E+04   0.59495703E+02   0.14525956E+02   0.00000000E+00   0.00000000E+00   0.10483762E-05  -0.31000633E-06   0.36114635E-07   0.13980300E+02   0.48500000E-13
%
  0.800000000E+01  0.240250E+04   0.142500E+04   0.675000E+03         2    65    30    14  0.21702770E+04   0.59517784E+02   0.14526083E+02   0.00000000E+00   0.00000000E+00   0.10566351E-05  -0.31166143E-06   0.36418637E-07   0.13980609E+02   0.48500000E-13
%
  0.825000000E+01  0.240250E+04   0.142500E+04   0.675000E+03         2    65    30    14  0.21703068E+04   0.59539428E+02   0.14526209E+02   0.00000000E+00   0.00000000E+00   0.10646053E-05  -0.31324625E-06   0.36717437E-07   0.13980912E+02   0.48500000E-13
%
  0.850000000E+01  0.240250E+04   0.142500E+04   0.675000E+03         2    65    30    14  0.21703361E+04   0.59560657E+02   0.14526334E+02   0.00000000E+00   0.00000000E+00   0.10723005E-05  -0.31476421E-06   0.37011222E-07   0.13981212E+02   0.48500000E-13
%
  0.875000000E+01  0.240250E+04   0.142500E+04   0.675000E+03         2    65    30    14  0.21703650E+04   0.59581488E+02   0.14526458E+02   0.00000000E+00   0.00000000E+00   0.10797333E-05  -0.31621843E-06   0.37300154E-07   0.13981506E+02   0.48500000E-13
%
  0.900000000E+01  0.240250E+04   0.142500E+04   0.675000E+03         2    65    30    14  0.21703935E+04   0.59601938E+02   0.14526580E+02   0.00000000E+00   0.00000000E+00   0.10869153E-05  -0.31761169E-06   0.37584397E-07   0.13981797E+02   0.48500000E-13
%
  0.925000000E+01  0.240250E+04   0.142500E+04   0.675000E+03         2    65    30    14  0.21704216E+04   0.59622021E+02   0.14526701E+02   0.00000000E+00   0.00000000E+00   0.10938573E-05  -0.31894674E-06   0.37864106E-07   0.13982083E+02   0.48500000E-13
%
  0.950000000E+01  0.240250E+04   0.142500E+04   0.675000E+03         2    65    30    14  0.21704493E+04   0.59641752E+02   0.14526822E+02   0.00000000E+00   0.00000000E+00   0.11005693E-05  -0.32022605E-06   0.38139437E-07   0.13982365E+02   0.48500000E-13
%
  0.975000000E+01  0.240250E+04   0.142500E+04   0.675000E+03         2    65    30    14  0.21704767E+04   0.59661144E+02   0.14526941E+02   0.00000000E+00   0.00000000E+00   0.11070606E-05  -0.32145194E-06   0.38410531E-07   0.13982643E+02   0.48500000E-13
%
  0.100000000E+02  0.240250E+04   0.142500E+04   0.675000E+03         2    65    30    14  0.21705036E+04   0.59680209E+02   0.14527059E+02   0.00000000E+00   0.00000000E+00   0.11133399E-05  -0.32262650E-06   0.38677527E-07   0.13982917E+02   0.48500000E-13
%
  0.102500000E+02  0.240250E+04   0.142500E+04   0.675000E+03         2    65    30    14  0.21705302E+04   0.59698958E+02   0.14527175E+02   0.00000000E+00   0.00000000E+00   0.11194154E-05  -0.32375186E-06   0.38940557E-07   0.13983187E+02   0.48500000E-13
%
  0.105000000E+02  0.240250E+04   0.142500E+04   0.675000E+03         2    65    30    14  0.21705565E+04   0.59717402E+02   0.14527291E+02   0.00000000E+00   0.00000000E+00   0.11252946E-05  -0.32482978E-06   0.39199753E-07   0.13983454E+02   0.48500000E-13
%
  0.107500000E+02  0.240250E+04   0.142500E+04   0.675000E+03         2    65    30    14  0.21705824E+04   0.59735550E+02   0.14527405E+02   0.00000000E+00   0.00000000E+00   0.11309846E-05  -0.32586213E-06   0.39455231E-07   0.13983717E+02   0.48500000E-13
%
  0.110000000E+02  0.240250E+04   0.142500E+04   0.675000E+03         2    65    30    14  0.21706080E+04   0.59753412E+02   0.14527519E+02   0.00000000E+00   0.00000000E+00   0.11364923E-05  -0.32685051E-06   0.39707120E-07   0.13983976E+02   0.48500000E-13
%
  0.112500000E+02  0.240250E+04   0.142500E+04   0.675000E+03         2    65    30    14  0.21706332E+04   0.59770996E+02   0.14527631E+02   0.00000000E+00   0.00000000E+00   0.11418237E-05  -0.32779658E-06   0.39955526E-07   0.13984232E+02   0.48500000E-13
%
  0.115000000E+02  0.240250E+04   0.142500E+04   0.675000E+03         2    65    30    14  0.21706582E+04   0.59788311E+02   0.14527742E+02   0.00000000E+00   0.00000000E+00   0.11469850E-05  -0.32870172E-06   0.40200554E-07   0.13984485E+02   0.48500000E-13
%
  0.117500000E+02  0.240250E+04   0.142500E+04   0.675000E+03         2    65    30    14  0.21706828E+04   0.59805363E+02   0.14527852E+02   0.00000000E+00   0.00000000E+00   0.11519816E-05  -0.32956738E-06   0.40442316E-07   0.13984734E+02   0.48500000E-13
%
  0.120000000E+02  0.240250E+04   0.142500E+04   0.675000E+03         2    65    30    14  0.21707071E+04   0.59822162E+02   0.14527961E+02   0.00000000E+00   0.00000000E+00   0.11568190E-05  -0.33039491E-06   0.40680909E-07   0.13984980E+02   0.48500000E-13
%
  0.122500000E+02  0.240250E+04   0.142500E+04   0.675000E+03         2    65    30    14  0.21707310E+04   0.59838712E+02   0.14528068E+02   0.00000000E+00   0.00000000E+00   0.11615021E-05  -0.33118554E-06   0.40916428E-07   0.13985222E+02   0.48500000E-13
%
  0.125000000E+02  0.240250E+04   0.142500E+04   0.675000E+03         2    65    30    14  0.21707547E+04   0.59855021E+02   0.14528174E+02   0.00000000E+00   0.00000000E+00   0.11660356E-05  -0.33194048E-06   0.41148973E-07   0.13985462E+02   0.48500000E-13
%
  0.127500000E+02  0.240250E+04   0.142500E+04   0.675000E+03         2    65    30    14  0.21707781E+04   0.59871096E+02   0.14528280E+02   0.00000000E+00   0.00000000E+00   0.11704240E-05  -0.33266090E-06   0.41378623E-07   0.13985698E+02   0.48500000E-13
%
  0.130000000E+02  0.240250E+04   0.142500E+04   0.675000E+03         2    65    30    14  0.21708012E+04   0.59886941E+02   0.14528384E+02   0.00000000E+00   0.00000000E+00   0.11746717E-05  -0.33334777E-06   0.41605469E-07   0.13985931E+02   0.48500000E-13
%
  0.132500000E+02  0.240250E+04   0.142500E+04   0.675000E+03         2    65    30    14  0.21708240E+04   0.59902563E+02   0.14528487E+02   0.00000000E+00   0.00000000E+00   0.11787827E-05  -0.33400227E-06   0.41829588E-07   0.13986162E+02   0.48500000E-13
%
  0.135000000E+02  0.240250E+04   0.142500E+04   0.675000E+03         2    65    30    14  0.21708465E+04   0.59917967E+02   0.14528589E+02   0.00000000E+00   0.00000000E+00   0.11827608E-05  -0.33462528E-06   0.42051064E-07   0.13986389E+02   0.48500000E-13
%
  0.137500000E+02  0.240250E+04   0.142500E+04   0.675000E+03         2    65    30    14  0.21708688E+04   0.59933157E+02   0.14528690E+02   0.00000000E+00   0.00000000E+00   0.11866098E-05  -0.33521781E-06   0.42269967E-07   0.13986613E+02   0.48500000E-13
%
  0.140000000E+02  0.240250E+04   0.142500E+04   0.675000E+03         2    65    30    14  0.21708907E+04   0.59948140E+02   0.14528789E+02   0.00000000E+00   0.00000000E+00   0.11903331E-05  -0.33578066E-06   0.42486375E-07   0.13986835E+02   0.48500000E-13
%
  0.142500000E+02  0.240250E+04   0.142500E+04   0.675000E+03         2    65    30    14  0.21709124E+04   0.59962919E+02   0.14528888E+02   0.00000000E+00   0.00000000E+00   0.11939341E-05  -0.33631481E-06   0.42700353E-07   0.13987054E+02   0.48500000E-13
%
  0.145000000E+02  0.240250E+04   0.142500E+04   0.675000E+03         2    65    30    14  0.21709338E+04   0.59977499E+02   0.14528985E+02   0.00000000E+00   0.00000000E+00   0.11974161E-05  -0.33682098E-06   0.42911970E-07   0.13987270E+02   0.48500000E-13
%
  0.147500000E+02  0.240250E+04   0.142500E+04   0.675000E+03         2    65    30    14  0.21709550E+04   0.59991884E+02   0.14529081E+02   0.00000000E+00   0.00000000E+00   0.12007820E-05  -0.33730000E-06   0.43121292E-07   0.13987483E+02   0.48500000E-13
%
  0.150000000E+02  0.240250E+04   0.142500E+04   0.675000E+03         2    65    30    14  0.21709759E+04   0.60006079E+02   0.14529177E+02   0.00000000E+00   0.00000000E+00   0.12040347E-05  -0.33775261E-06   0.43328379E-07   0.13987694E+02   0.48500000E-13
%
  0.152500000E+02  0.240250E+04   0.142500E+04   0.675000E+03         2    65    30    14  0.21709966E+04   0.60020088E+02   0.14529271E+02   0.00000000E+00   0.00000000E+00   0.12071772E-05  -0.33817955E-06   0.43533292E-07   0.13987901E+02   0.48500000E-13
%
  0.155000000E+02  0.240250E+04   0.142500E+04   0.675000E+03         2    65    30    14  0.21710170E+04   0.60033913E+02   0.14529364E+02   0.00000000E+00   0.00000000E+00   0.12102120E-05  -0.33858152E-06   0.43736088E-07   0.13988107E+02   0.48500000E-13
%
  0.157500000E+02  0.240250E+04   0.142500E+04   0.675000E+03         2    65    30    14  0.21710371E+04   0.60047560E+02   0.14529456E+02   0.00000000E+00   0.00000000E+00   0.12131417E-05  -0.33895916E-06   0.43936822E-07   0.13988310E+02   0.48500000E-13
%
  0.160000000E+02  0.240250E+04   0.142500E+04   0.675000E+03         2    65    30    14  0.21710570E+04   0.60061031E+02   0.14529547E+02   0.00000000E+00   0.00000000E+00   0.12159689E-05  -0.33931314E-06   0.44135548E-07   0.13988510E+02   0.48500000E-13
%
  0.162500000E+02  0.240250E+04   0.142500E+04   0.675000E+03         2    65    30    14  0.21710767E+04   0.60074329E+02   0.14529637E+02   0.00000000E+00   0.00000000E+00   0.12186958E-05  -0.33964407E-06   0.44332317E-07   0.13988708E+02   0.48500000E-13
%
  0.165000000E+02  0.240250E+04   0.142500E+04   0.675000E+03         2    65    30    14  0.21710961E+04   0.60087459E+02   0.14529726E+02   0.00000000E+00   0.00000000E+00   0.12213248E-05  -0.33995254E-06   0.44527177E-07   0.13988903E+02   0.48500000E-13
%
  0.167500000E+02  0.240250E+04   0.142500E+04   0.675000E+03         2    65    30    14  0.21711153E+04   0.60100424E+02   0.14529813E+02   0.00000000E+00   0.00000000E+00   0.12238581E-05  -0.34023913E-06   0.44720176E-07   0.13989096E+02   0.48500000E-13
%
  0.170000000E+02  0.240250E+04   0.142500E+04   0.675000E+03         2    65    30    14  0.21711343E+04   0.60113225E+02   0.14529900E+02   0.00000000E+00   0.00000000E+00   0.12262977E-05  -0.34050439E-06   0.44911361E-07   0.13989286E+02   0.48500000E-13
%
  0.172500000E+02  0.240250E+04   0.142500E+04   0.675000E+03         2    65    30    14  0.21711530E+04   0.60125867E+02   0.14529986E+02   0.00000000E+00   0.00000000E+00   0.12286456E-05  -0.34074885E-06   0.45100774E-07   0.13989474E+02   0.48500000E-13
%
  0.175000000E+02  0.240250E+04   0.142500E+04   0.675000E+03         2    65    30    14  0.21711715E+04   0.60138352E+02   0.14530071E+02   0.00000000E+00   0.00000000E+00   0.12309040E-05  -0.34097303E-06   0.45288460E-07   0.13989660E+02   0.48500000E-13
%
  0.177500000E+02  0.240250E+04   0.142500E+04   0.675000E+03         2    65    30    14  0.21711898E+04   0.60150683E+02   0.14530154E+02   0.00000000E+00   0.00000000E+00   0.12330745E-05  -0.34117742E-06   0.45474457E-07   0.13989844E+02   0.48500000E-13
%
  0.180000000E+02  0.240250E+04   0.142500E+04   0.675000E+03         2    65    30    14  0.21712078E+04   0.60162863E+02   0.14530237E+02   0.00000000E+00   0.00000000E+00   0.12351590E-05  -0.34136251E-06   0.45658807E-07   0.13990025E+02   0.48500000E-13
%
  0.182500000E+02  0.240250E+04   0.142500E+04   0.675000E+03         2    65    30    14  0.21712257E+04   0.60174894E+02   0.14530319E+02   0.00000000E+00   0.00000000E+00   0.12371594E-05  -0.34152876E-06   0.45841547E-07   0.13990204E+02   0.48500000E-13
%
  0.185000000E+02  0.240250E+04   0.142500E+04   0.675000E+03         2    65    30    14  0.21712433E+04   0.60186778E+02   0.14530400E+02   0.00000000E+00   0.00000000E+00   0.12390772E-05  -0.34167661E-06   0.46022714E-07   0.13990381E+02   0.48500000E-13
%
  0.187500000E+02  0.240250E+04   0.142500E+04   0.675000E+03         2    65    30    14  0.21712608E+04   0.60198519E+02   0.14530480E+02   0.00000000E+00   0.00000000E+00   0.12409141E-05  -0.34180650E-06   0.46202343E-07   0.13990556E+02   0.48500000E-13
%
  0.190000000E+02  0.240250E+04   0.142500E+04   0.675000E+03         2    65    30    14  0.21712780E+04   0.60210118E+02   0.14530558E+02   0.00000000E+00   0.00000000E+00   0.12426716E-05  -0.34191886E-06   0.46380469E-07   0.13990729E+02   0.48500000E-13
%
  0.192500000E+02  0.240250E+04   0.142500E+04   0.675000E+03         2    65    30    14  0.21712950E+04   0.60221578E+02   0.14530636E+02   0.00000000E+00   0.00000000E+00   0.12443514E-05  -0.34201408E-06   0.46557125E-07   0.13990899E+02   0.48500000E-13
%
  0.195000000E+02  0.240250E+04   0.142500E+04   0.675000E+03         2    65    30    14  0.21713118E+04   0.60232901E+02   0.14530713E+02   0.00000000E+00   0.00000000E+00   0.12459548E-05  -0.34209256E-06   0.46732342E-07   0.13991068E+02   0.48500000E-13
%
  0.197500000E+02  0.240250E+04   0.142500E+04   0.675000E+03         2    65    30    14  0.21713284E+04   0.60244089E+02   0.14530789E+02   0.00000000E+00   0.00000000E+00   0.12474833E-05  -0.34215468E-06   0.46906152E-07   0.13991234E+02   0.48500000E-13
%
  0.200000000E+02  0.240250E+04   0.142500E+04   0.675000E+03         2    65    30    14  0.21713448E+04   0.60255145E+02   0.14530865E+02   0.00000000E+00   0.00000000E+00   0.12489383E-05  -0.34220081E-06   0.47078585E-07   0.13991398E+02   0.48500000E-13
%
  0.202500000E+02  0.240250E+04   0.142500E+04   0.675000E+03         2    65    30    14  0.21713610E+04   0.60266070E+02   0.14530939E+02   0.00000000E+00   0.00000000E+00   0.12503211E-05  -0.34223131E-06   0.47249668E-07   0.13991561E+02   0.48500000E-13
%
  0.205000000E+02  0.240250E+04   0.142500E+04   0.675000E+03         2    65    30    14  0.21713770E+04   0.60276866E+02   0.14531012E+02   0.00000000E+00   0.00000000E+00   0.12516330E-05  -0.34224653E-06   0.47419431E-07   0.13991721E+02   0.48500000E-13
%
  0.207500000E+02  0.240250E+04   0.142500E+04   0.675000E+03         2    65    30    14  0.21713929E+04   0.60287536E+02   0.14531084E+02   0.00000000E+00   0.00000000E+00   0.12528753E-05  -0.34224680E-06   0.47587901E-07   0.13991880E+02   0.48500000E-13
%
  0.210000000E+02  0.240250E+04   0.142500E+04   0.675000E+03         2    65    30    14  0.21714085E+04   0.60298080E+02   0.14531156E+02   0.00000000E+00   0.00000000E+00   0.12540491E-05  -0.34223245E-06   0.47755102E-07   0.13992036E+02   0.48500000E-13
%
  0.212500000E+02  0.240250E+04   0.142500E+04   0.675000E+03         2    65    30    14  0.21714240E+04   0.60308502E+02   0.14531227E+02   0.00000000E+00   0.00000000E+00   0.12551557E-05  -0.34220380E-06   0.47921062E-07   0.13992191E+02   0.48500000E-13
%
  0.215000000E+02  0.240250E+04   0.142500E+04   0.675000E+03         2    65    30    14  0.21714392E+04   0.60318802E+02   0.14531296E+02   0.00000000E+00   0.00000000E+00   0.12561961E-05  -0.34216115E-06   0.48085802E-07   0.13992344E+02   0.48500000E-13
%
  0.217500000E+02  0.240250E+04   0.142500E+04   0.675000E+03         2    65    30    14  0.21714543E+04   0.60328982E+02   0.14531365E+02   0.00000000E+00   0.00000000E+00   0.12571716E-05  -0.34210482E-06   0.48249350E-07   0.13992495E+02   0.48500000E-13
%
  0.220000000E+02  0.240250E+04   0.142500E+04   0.675000E+03         2    65    30    14  0.21714692E+04   0.60339045E+02   0.14531433E+02   0.00000000E+00   0.00000000E+00   0.12580831E-05  -0.34203508E-06   0.48411726E-07   0.13992644E+02   0.48500000E-13
%
  0.222500000E+02  0.240250E+04   0.142500E+04   0.675000E+03         2    65    30    14  0.21714840E+04   0.60348992E+02   0.14531500E+02   0.00000000E+00   0.00000000E+00   0.12589317E-05  -0.34195222E-06   0.48572954E-07   0.13992791E+02   0.48500000E-13
%
  0.225000000E+02  0.240250E+04   0.142500E+04   0.675000E+03         2    65    30    14  0.21714985E+04   0.60358823E+02   0.14531567E+02   0.00000000E+00   0.00000000E+00   0.12597185E-05  -0.34185652E-06   0.48733054E-07   0.13992937E+02   0.48500000E-13
%
  0.227500000E+02  0.240250E+04   0.142500E+04   0.675000E+03         2    65    30    14  0.21715129E+04   0.60368542E+02   0.14531632E+02   0.00000000E+00   0.00000000E+00   0.12604443E-05  -0.34174821E-06   0.48892049E-07   0.13993080E+02   0.48500000E-13
%
  0.230000000E+02  0.240250E+04   0.142500E+04   0.675000E+03         2    65    30    14  0.21715271E+04   0.60378149E+02   0.14531697E+02   0.00000000E+00   0.00000000E+00   0.12611103E-05  -0.34162765E-06   0.49049957E-07   0.13993222E+02   0.48500000E-13
%
  0.232500000E+02  0.240250E+04   0.142500E+04   0.675000E+03         2    65    30    14  0.21715412E+04   0.60387647E+02   0.14531761E+02   0.00000000E+00   0.00000000E+00   0.12617172E-05  -0.34149496E-06   0.49206799E-07   0.13993363E+02   0.48500000E-13
%
  0.235000000E+02  0.240250E+04   0.142500E+04   0.675000E+03         2    65    30    14  0.21715550E+04   0.60397035E+02   0.14531824E+02   0.00000000E+00   0.00000000E+00   0.12622660E-05  -0.34135050E-06   0.49362594E-07   0.13993501E+02   0.48500000E-13
%
  0.237500000E+02  0.240250E+04   0.142500E+04   0.675000E+03         2    65    30    14  0.21715687E+04   0.60406316E+02   0.14531886E+02   0.00000000E+00   0.00000000E+00   0.12627576E-05  -0.34119444E-06   0.49517360E-07   0.13993638E+02   0.48500000E-13
%
  0.240000000E+02  0.240250E+04   0.142500E+04   0.675000E+03         2    65    30    14  0.21715823E+04   0.60415492E+02   0.14531948E+02   0.00000000E+00   0.00000000E+00   0.12631928E-05  -0.34102704E-06   0.49671116E-07   0.13993773E+02   0.48500000E-13
%
  0.242500000E+02  0.240250E+04   0.142500E+04   0.675000E+03         2    65    30    14  0.21715957E+04   0.60424563E+02   0.14532008E+02   0.00000000E+00   0.00000000E+00   0.12635726E-05  -0.34084853E-06   0.49823878E-07   0.13993907E+02   0.48500000E-13
%
  0.245000000E+02  0.240250E+04   0.142500E+04   0.675000E+03         2    65    30    14  0.21716089E+04   0.60433530E+02   0.14532068E+02   0.00000000E+00   0.00000000E+00   0.12638975E-05  -0.34065917E-06   0.49975665E-07   0.13994039E+02   0.48500000E-13
%
  0.247500000E+02  0.240250E+04   0.142500E+04   0.675000E+03         2    65    30    14  0.21716220E+04   0.60442396E+02   0.14532127E+02   0.00000000E+00   0.00000000E+00   0.12641685E-05  -0.34045909E-06   0.50126493E-07   0.13994169E+02   0.48500000E-13
%
  0.250000000E+02  0.240250E+04   0.142500E+04   0.675000E+03         2    65    30    14  0.21716349E+04   0.60451160E+02   0.14532186E+02   0.00000000E+00   0.00000000E+00   0.12643864E-05  -0.34024855E-06   0.50276377E-07   0.13994298E+02   0.48500000E-13
%
  0.252500000E+02  0.240250E+04   0.142500E+04   0.675000E+03         2    65    30    14  0.21716476E+04   0.60459826E+02   0.14532243E+02   0.00000000E+00   0.00000000E+00   0.12645518E-05  -0.34002776E-06   0.50425334E-07   0.13994425E+02   0.48500000E-13
%
  0.255000000E+02  0.240250E+04   0.142500E+04   0.675000E+03         2    65    30    14  0.21716602E+04   0.60468393E+02   0.14532300E+02   0.00000000E+00   0.00000000E+00   0.12646654E-05  -0.33979692E-06   0.50573379E-07   0.13994551E+02   0.48500000E-13
%
  0.257500000E+02  0.240250E+04   0.142500E+04   0.675000E+03         2    65    30    14  0.21716726E+04   0.60476863E+02   0.14532356E+02   0.00000000E+00   0.00000000E+00   0.12647281E-05  -0.33955622E-06   0.50720527E-07   0.13994675E+02   0.48500000E-13
%
  0.260000000E+02  0.240250E+04   0.142500E+04   0.675000E+03         2    65    30    14  0.21716849E+04   0.60485237E+02   0.14532412E+02   0.00000000E+00   0.00000000E+00   0.12647404E-05  -0.33930585E-06   0.50866791E-07   0.13994798E+02   0.48500000E-13
%
  0.262500000E+02  0.240250E+04   0.142500E+04   0.675000E+03         2    65    30    14  0.21716971E+04   0.60493516E+02   0.14532466E+02   0.00000000E+00   0.00000000E+00   0.12647031E-05  -0.33904595E-06   0.51012188E-07   0.13994919E+02   0.48500000E-13
%
  0.265000000E+02  0.240250E+04   0.142500E+04   0.675000E+03         2    65    30    14  0.21717091E+04   0.60501701E+02   0.14532520E+02   0.00000000E+00   0.00000000E+00   0.12646167E-05  -0.33877679E-06   0.51156728E-07   0.13995038E+02   0.48500000E-13
%
  0.267500000E+02  0.240250E+04   0.142500E+04   0.675000E+03         2    65    30    14  0.21717209E+04   0.60509793E+02   0.14532573E+02   0.00000000E+00   0.00000000E+00   0.12644820E-05  -0.33849852E-06   0.51300428E-07   0.13995156E+02   0.48500000E-13
%
  0.270000000E+02  0.240250E+04   0.142500E+04   0.675000E+03         2    65    30    14  0.21717326E+04   0.60517793E+02   0.14532626E+02   0.00000000E+00   0.00000000E+00   0.12642995E-05  -0.33821126E-06   0.51443299E-07   0.13995273E+02   0.48500000E-13
%
  0.272500000E+02  0.240250E+04   0.142500E+04   0.675000E+03         2    65    30    14  0.21717442E+04   0.60525703E+02   0.14532677E+02   0.00000000E+00   0.00000000E+00   0.12640697E-05  -0.33791523E-06   0.51585355E-07   0.13995388E+02   0.48500000E-13
%
  0.275000000E+02  0.240250E+04   0.142500E+04   0.675000E+03         2    65    30    14  0.21717556E+04   0.60533523E+02   0.14532728E+02   0.00000000E+00   0.00000000E+00   0.12637934E-05  -0.33761060E-06   0.51726607E-07   0.13995502E+02   0.48500000E-13
%
  0.277500000E+02  0.240250E+04   0.142500E+04   0.675000E+03         2    65    30    14  0.21717668E+04   0.60541254E+02   0.14532779E+02   0.00000000E+00   0.00000000E+00   0.12634710E-05  -0.33729751E-06   0.51867068E-07   0.13995614E+02   0.48500000E-13
%
  0.280000000E+02  0.240250E+04   0.142500E+04   0.675000E+03         2    65    30    14  0.21717780E+04   0.60548896E+02   0.14532828E+02   0.00000000E+00   0.00000000E+00   0.12631031E-05  -0.33697610E-06   0.52006750E-07   0.13995725E+02   0.48500000E-13
%
  0.282500000E+02  0.240250E+04   0.142500E+04   0.675000E+03         2    65    30    14  0.21717890E+04   0.60556452E+02   0.14532877E+02   0.00000000E+00   0.00000000E+00   0.12626902E-05  -0.33664656E-06   0.52145664E-07   0.13995835E+02   0.48500000E-13
%
  0.285000000E+02  0.240250E+04   0.142500E+04   0.675000E+03         2    65    30    14  0.21717998E+04   0.60563922E+02   0.14532926E+02   0.00000000E+00   0.00000000E+00   0.12622329E-05  -0.33630903E-06   0.52283822E-07   0.13995943E+02   0.48500000E-13
%
  0.287500000E+02  0.240250E+04   0.142500E+04   0.675000E+03         2    65    30    14  0.21718105E+04   0.60571306E+02   0.14532973E+02   0.00000000E+00   0.00000000E+00   0.12617315E-05  -0.33596366E-06   0.52421235E-07   0.13996049E+02   0.48500000E-13
%
  0.290000000E+02  0.240250E+04   0.142500E+04   0.675000E+03         2    65    30    14  0.21718211E+04   0.60578606E+02   0.14533020E+02   0.00000000E+00   0.00000000E+00   0.12611867E-05  -0.33561056E-06   0.52557913E-07   0.13996155E+02   0.48500000E-13
%
  0.292500000E+02  0.240250E+04   0.142500E+04   0.675000E+03         2    65    30    14  0.21718316E+04   0.60585822E+02   0.14533066E+02   0.00000000E+00   0.00000000E+00   0.12605989E-05  -0.33524993E-06   0.52693868E-07   0.13996259E+02   0.48500000E-13
%
  0.295000000E+02  0.240250E+04   0.142500E+04   0.675000E+03         2    65    30    14  0.21718419E+04   0.60592955E+02   0.14533112E+02   0.00000000E+00   0.00000000E+00   0.12599684E-05  -0.33488188E-06   0.52829110E-07   0.13996362E+02   0.48500000E-13
%
  0.297500000E+02  0.240250E+04   0.142500E+04   0.675000E+03         2    65    30    14  0.21718521E+04   0.60600005E+02   0.14533157E+02   0.00000000E+00   0.00000000E+00   0.12592959E-05  -0.33450652E-06   0.52963649E-07   0.13996463E+02   0.48500000E-13
%
  0.300000000E+02  0.240250E+04   0.142500E+04   0.675000E+03         2    65    30    14  0.21718621E+04   0.60606975E+02   0.14533201E+02   0.00000000E+00   0.00000000E+00   0.12585816E-05  -0.33412401E-06   0.53097494E-07   0.13996563E+02   0.48500000E-13
%
  0.302500000E+02  0.240250E+04   0.142500E+04   0.675000E+03         2    65    30    14  0.21718720E+04   0.60613863E+02   0.14533245E+02   0.00000000E+00   0.00000000E+00   0.12578260E-05  -0.33373457E-06   0.53230656E-07   0.13996662E+02   0.48500000E-13
%
  0.305000000E+02  0.240250E+04   0.142500E+04   0.675000E+03         2    65    30    14  0.21718818E+04   0.60620672E+02   0.14533288E+02   0.00000000E+00   0.00000000E+00   0.12570295E-05  -0.33333804E-06   0.53363145E-07   0.13996759E+02   0.48500000E-13
%
  0.307500000E+02  0.240250E+04   0.142500E+04   0.675000E+03         2    65    30    14  0.21718915E+04   0.60627401E+02   0.14533330E+02   0.00000000E+00   0.00000000E+00   0.12561924E-05  -0.33293480E-06   0.53494970E-07   0.13996855E+02   0.48500000E-13
%
  0.310000000E+02  0.240250E+04   0.142500E+04   0.675000E+03         2    65    30    14  0.21719010E+04   0.60634052E+02   0.14533372E+02   0.00000000E+00   0.00000000E+00   0.12553151E-05  -0.33252493E-06   0.53626139E-07   0.13996950E+02   0.48500000E-13
%
  0.312500000E+02  0.240250E+04   0.142500E+04   0.675000E+03         2    65    30    14  0.21719104E+04   0.60640624E+02   0.14533413E+02   0.00000000E+00   0.00000000E+00   0.12543980E-05  -0.33210849E-06   0.53756663E-07   0.13997044E+02   0.48500000E-13
%
  0.315000000E+02  0.240250E+04   0.142500E+04   0.675000E+03         2    65    30    14  0.21719197E+04   0.60647119E+02   0.14533453E+02   0.00000000E+00   0.00000000E+00   0.12534413E-05  -0.33168568E-06   0.53886550E-07   0.13997136E+02   0.48500000E-13
%
  0.317500000E+02  0.240250E+04   0.142500E+04   0.675000E+03         2    65    30    14  0.21719289E+04   0.60653537E+02   0.14533493E+02   0.00000000E+00   0.00000000E+00   0.12524455E-05  -0.33125653E-06   0.54015808E-07   0.13997227E+02   0.48500000E-13
%
  0.320000000E+02  0.240250E+04   0.142500E+04   0.675000E+03         2    65    30    14  0.21719379E+04   0.60659879E+02   0.14533532E+02   0.00000000E+00   0.00000000E+00   0.12514108E-05  -0.33082119E-06   0.54144447E-07   0.13997317E+02   0.48500000E-13
%
  0.322500000E+02  0.240250E+04   0.142500E+04   0.675000E+03         2    65    30    14  0.21719468E+04   0.60666145E+02   0.14533570E+02   0.00000000E+00   0.00000000E+00   0.12503375E-05  -0.33037976E-06   0.54272475E-07   0.13997405E+02   0.48500000E-13
%
  0.325000000E+02  0.240250E+04   0.142500E+04   0.675000E+03         2    65    30    14  0.21719556E+04   0.60672336E+02   0.14533608E+02   0.00000000E+00   0.00000000E+00   0.12492259E-05  -0.32993235E-06   0.54399901E-07   0.13997493E+02   0.48500000E-13
%
  0.327500000E+02  0.240250E+04   0.142500E+04   0.675000E+03         2    65    30    14  0.21719643E+04   0.60678452E+02   0.14533646E+02   0.00000000E+00   0.00000000E+00   0.12480763E-05  -0.32947898E-06   0.54526732E-07   0.13997579E+02   0.48500000E-13
%
  0.330000000E+02  0.240250E+04   0.142500E+04   0.675000E+03         2    65    30    14  0.21719728E+04   0.60684493E+02   0.14533682E+02   0.00000000E+00   0.00000000E+00   0.12468888E-05  -0.32901991E-06   0.54652977E-07   0.13997664E+02   0.48500000E-13
%
  0.332500000E+02  0.240250E+04   0.142500E+04   0.675000E+03         2    65    30    14  0.21719812E+04   0.60690461E+02   0.14533718E+02   0.00000000E+00   0.00000000E+00   0.12456637E-05  -0.32855517E-06   0.54778643E-07   0.13997748E+02   0.48500000E-13
%
  0.335000000E+02  0.240250E+04   0.142500E+04   0.675000E+03         2    65    30    14  0.21719895E+04   0.60696356E+02   0.14533754E+02   0.00000000E+00   0.00000000E+00   0.12444013E-05  -0.32808480E-06   0.54903739E-07   0.13997830E+02   0.48500000E-13
%
  0.337500000E+02  0.240250E+04   0.142500E+04   0.675000E+03         2    65    30    14  0.21719977E+04   0.60702177E+02   0.14533789E+02   0.00000000E+00   0.00000000E+00   0.12431017E-05  -0.32760898E-06   0.55028273E-07   0.13997911E+02   0.48500000E-13
%
  0.340000000E+02  0.240250E+04   0.142500E+04   0.675000E+03         2    65    30    14  0.21720057E+04   0.60707926E+02   0.14533823E+02   0.00000000E+00   0.00000000E+00   0.12417651E-05  -0.32712776E-06   0.55152252E-07   0.13997991E+02   0.48500000E-13
%
  0.342500000E+02  0.240250E+04   0.142500E+04   0.675000E+03         2    65    30    14  0.21720137E+04   0.60713603E+02   0.14533856E+02   0.00000000E+00   0.00000000E+00   0.12403918E-05  -0.32664125E-06   0.55275684E-07   0.13998070E+02   0.48500000E-13
%
  0.345000000E+02  0.240250E+04   0.142500E+04   0.675000E+03         2    65    30    14  0.21720215E+04   0.60719208E+02   0.14533889E+02   0.00000000E+00   0.00000000E+00   0.12389818E-05  -0.32614956E-06   0.55398577E-07   0.13998148E+02   0.48500000E-13
%
  0.347500000E+02  0.240250E+04   0.142500E+04   0.675000E+03         2    65    30    14  0.21720292E+04   0.60724741E+02   0.14533922E+02   0.00000000E+00   0.00000000E+00   0.12375353E-05  -0.32565271E-06   0.55520938E-07   0.13998225E+02   0.48500000E-13
%
  0.350000000E+02  0.240250E+04   0.142500E+04   0.675000E+03         2    65    30    14  0.21720368E+04   0.60730204E+02   0.14533953E+02   0.00000000E+00   0.00000000E+00   0.12360525E-05  -0.32515083E-06   0.55642775E-07   0.13998300E+02   0.48500000E-13
